0 553 189 31 56 553 189 39 90 365 117 41 79 424 136 48 91 282 82 38 156 191 132 69 188 
1 84 143 74 191 552 189 39 89 365 117 41 80 425 136 50 89 284 83 42 153 199 131 72 188 
2 366 118 41 81 553 190 39 89 426 139 50 87 202 123 72 193 285 83 42 154 
3 552 189 39 92 424 144 56 83 287 84 42 151 211 120 74 188 
4 372 116 36 124 115 144 70 195 552 190 40 90 289 86 42 150 218 116 63 185 
5 122 140 64 204 373 116 35 123 551 190 40 91 290 88 42 148 226 117 52 179 
6 144 137 44 190 291 91 43 130 552 190 39 92 372 121 40 114 235 114 49 183 
7 151 129 47 198 107 252 74 172 552 189 40 93 375 126 39 107 293 91 41 127 238 111 51 183 
8 111 250 73 180 379 126 35 106 552 189 40 94 158 126 44 175 293 91 41 137 240 114 53 179 
9 165 132 41 94 384 129 32 69 552 188 41 94 295 88 39 145 242 110 62 182 
10 385 129 31 71 552 188 40 94 176 129 48 106 171 127 70 178 246 109 61 185 296 90 38 145 
11 382 122 34 110 552 189 40 93 176 123 63 186 253 116 51 170 298 92 37 144 
12 552 191 40 90 187 113 48 185 303 98 33 133 258 114 48 172 
13 553 192 39 88 158 257 101 219 396 120 20 105 267 115 41 141 296 106 38 154 200 119 41 181 
14 397 120 21 104 294 103 38 158 309 104 30 138 167 263 104 213 271 109 40 150 204 118 42 189 
15 446 147 30 55 553 192 39 90 314 99 26 129 397 132 23 66 178 258 98 223 283 108 45 158 210 117 47 179 
16 553 192 38 89 185 262 98 220 399 134 22 63 448 147 29 54 284 109 47 152 311 103 33 142 216 115 66 185 
17 553 192 39 89 218 107 61 199 400 134 23 64 196 260 98 217 448 147 29 57 310 103 34 148 286 108 46 158 
18 449 147 31 57 234 121 46 166 553 193 40 89 400 134 24 79 288 108 53 152 
19 553 193 32 51 401 136 23 77 214 252 76 236 241 121 46 168 290 105 53 155 
20 553 193 31 51 402 135 23 79 219 260 79 220 250 130 49 157 292 102 53 163 
21 450 151 31 51 297 97 55 158 231 258 86 226 
22 553 193 31 51 450 149 31 49 262 108 42 141 299 96 53 153 237 259 80 217 
23 553 192 31 51 450 149 30 48 264 107 43 141 241 258 74 214 301 95 51 154 
24 553 193 31 51 553 193 39 90 450 149 30 47 269 103 46 148 310 94 47 155 247 245 74 216 
25 553 192 39 91 280 102 44 153 256 248 70 206 316 95 48 153 
26 553 192 39 91 285 103 43 149 317 96 49 151 264 242 69 212 
27 553 194 31 49 522 171 16 29 401 138 29 103 30 103 39 108 451 150 30 46 291 105 42 142 324 103 39 144 265 240 81 214 
28 452 151 30 46 554 194 29 48 320 106 36 144 401 136 30 108 299 99 38 151 84 159 86 217 331 101 44 148 269 237 88 224 
29 554 195 29 48 453 151 30 47 401 137 30 106 85 162 85 206 311 104 37 150 335 105 43 144 271 236 88 224 
30 555 195 28 47 411 140 17 71 312 102 40 151 96 164 102 213 334 106 44 147 281 239 106 209 
31 555 194 29 48 458 147 28 49 413 141 17 70 316 97 42 156 106 165 90 211 334 104 45 144 284 236 96 208 
32 555 194 29 49 414 143 17 67 458 148 28 49 110 177 83 209 317 97 44 156 333 103 47 143 286 235 94 210 
33 115 166 77 210 459 147 26 50 289 244 91 204 
34 459 150 26 47 135 159 64 221 329 92 50 172 
35 459 151 27 45 331 96 48 164 137 155 73 227 
36 338 97 48 160 148 159 90 219 
37 158 189 91 189 342 91 46 170 
38 344 90 43 170 163 185 87 192 
39 462 151 25 43 172 164 75 208 343 93 45 167 
40 424 150 20 73 463 152 24 42 350 94 43 158 357 238 116 214 184 157 68 205 
41 38 104 38 106 184 135 72 205 364 168 170 287 355 97 49 130 
42 358 101 44 117 424 150 20 74 348 105 41 139 193 137 68 207 398 189 98 258 
43 424 152 22 72 346 108 44 135 210 128 71 225 420 191 91 246 
44 424 153 22 71 346 110 42 131 212 162 81 185 424 197 87 236 
45 467 153 26 41 424 153 23 74 219 162 87 183 422 186 103 255 
46 466 153 27 40 423 154 25 74 225 143 96 203 
47 424 153 24 75 228 144 90 201 370 110 43 138 430 181 123 270 
48 373 113 41 132 356 129 29 105 426 150 25 76 454 173 91 233 240 136 73 198 
49 355 128 31 105 255 139 64 189 
50 261 131 62 197 
51 37 94 42 132 271 128 65 204 
52 37 99 41 125 391 121 45 124 276 126 75 204 
53 493 174 76 213 388 124 52 122 279 128 77 199 
54 27 100 39 98 392 125 48 122 284 131 89 192 
55 56 165 51 86 500 169 68 187 393 125 46 127 290 123 85 192 
56 508 172 73 191 393 127 47 125 299 123 74 185 
57 65 157 71 177 397 132 48 118 312 116 67 185 
58 514 169 71 191 77 157 53 170 399 133 48 116 326 115 59 189 
59 73 152 60 189 401 132 45 117 328 113 60 187 
60 443 149 20 62 87 155 50 177 403 131 43 118 333 110 61 192 
61 444 149 20 60 516 150 69 184 94 150 65 190 403 132 46 115 334 112 65 190 
62 443 149 21 59 517 146 68 187 403 133 46 116 101 157 58 189 338 114 63 187 
63 519 145 69 185 524 152 51 118 336 121 67 177 403 138 45 102 106 158 75 188 449 151 21 53 
64 111 151 78 188 527 151 46 117 365 118 48 132 450 150 21 54 416 133 37 108 
65 527 152 46 115 36 100 41 107 112 163 82 181 451 149 23 56 368 114 47 133 415 131 37 113 
66 27 97 43 109 451 149 23 55 117 145 77 198 415 132 40 110 365 106 54 139 
67 363 103 92 154 529 137 50 142 134 150 62 192 
68 530 134 47 148 139 146 58 196 
69 385 115 60 132 529 131 48 153 
70 454 145 23 57 386 115 55 134 163 132 44 217 528 130 49 150 
71 389 117 52 130 529 130 49 150 165 143 55 199 
72 390 114 54 137 530 130 47 153 171 139 70 199 
73 455 144 23 57 391 119 57 130 530 131 47 148 172 139 77 201 
74 455 143 22 58 392 116 54 135 530 133 47 144 174 137 73 203 
75 57 164 51 99 394 117 55 134 531 133 46 147 186 133 68 205 
76 25 38 22 78 58 168 56 87 397 117 55 132 534 136 45 136 204 127 48 203 
77 67 172 54 118 41 92 34 122 400 120 53 127 535 136 42 140 208 119 46 214 
78 71 173 56 111 38 99 35 115 536 136 41 141 216 117 43 216 407 125 58 121 
79 75 170 54 132 31 90 37 120 408 126 59 119 221 125 53 199 536 136 41 142 
80 34 35 24 66 31 95 36 115 407 129 62 113 222 124 60 190 536 136 42 140 
81 83 171 64 193 37 33 25 70 26 95 40 117 408 131 63 110 537 143 43 130 232 123 63 190 
82 91 167 70 193 537 145 43 123 407 132 64 109 232 124 67 190 
83 24 101 39 102 94 166 67 196 538 146 42 124 407 133 64 109 236 127 71 182 
84 23 106 39 96 540 147 38 120 412 132 62 110 102 168 88 197 243 129 68 176 
85 539 153 38 114 412 135 61 106 110 167 90 198 258 125 48 178 
86 413 136 60 103 112 167 87 198 260 123 46 181 
87 128 166 73 200 414 137 58 100 272 109 39 205 
88 138 156 61 204 416 139 60 97 278 101 38 217 
89 58 24 23 64 419 140 60 96 278 101 40 210 
90 424 142 56 93 60 24 23 65 156 158 57 194 281 111 46 190 
91 425 143 55 92 167 156 58 201 63 24 22 63 285 110 47 192 
92 116 57 29 18 426 142 54 92 173 156 69 199 64 24 23 62 286 109 48 190 
93 426 142 53 91 294 104 45 196 179 158 81 197 
94 427 144 52 91 300 109 41 162 183 156 79 200 
95 426 146 52 89 69 166 48 83 304 105 40 173 189 154 72 201 
96 426 146 53 88 77 164 47 88 205 141 62 207 308 104 37 187 
97 401 153 32 94 91 155 67 202 315 102 40 179 216 145 63 199 
98 76 18 24 64 398 158 19 85 42 124 28 79 411 159 23 81 96 154 66 206 319 102 40 176 222 145 60 197 
99 320 110 44 161 231 144 60 201 104 163 84 193 
100 318 115 54 146 110 162 91 193 238 144 72 201 
101 116 155 96 205 319 115 54 145 239 145 77 199 
102 131 160 75 193 328 114 53 142 247 141 71 201 
103 141 141 60 208 331 113 50 146 263 132 59 203 
104 90 14 20 61 35 140 22 42 332 112 50 148 148 135 58 215 270 131 59 197 
105 336 108 50 150 278 133 61 187 154 130 58 222 
106 38 98 39 107 93 15 22 59 345 108 47 145 285 126 60 187 163 129 65 225 
107 41 94 35 111 95 15 20 58 347 107 45 144 288 126 58 187 165 127 69 227 
108 76 164 84 194 40 94 37 120 427 149 26 74 352 105 42 155 292 130 71 192 170 127 70 224 
109 85 159 89 206 290 123 87 190 189 119 58 216 
110 38 89 44 128 95 150 86 219 298 115 86 198 191 118 58 194 
111 99 149 79 219 325 113 67 185 196 113 59 187 
112 436 142 24 70 107 153 74 212 336 126 50 166 210 101 46 205 
113 106 11 25 57 27 90 38 126 214 100 46 208 
114 438 142 23 70 74 160 52 145 29 94 37 115 136 151 60 211 218 96 55 207 
115 80 147 49 168 30 95 37 119 439 143 24 71 135 155 90 206 224 99 61 201 
116 30 97 36 116 90 156 50 165 129 160 101 200 439 143 24 71 229 101 57 199 
117 441 146 24 65 28 102 39 102 90 150 73 175 154 159 85 199 232 100 58 198 
118 27 103 39 99 106 150 63 178 241 99 47 171 165 153 72 203 
119 28 106 38 99 111 142 56 188 247 98 49 172 167 154 72 198 
120 27 106 40 99 123 137 49 186 251 88 50 187 186 140 63 206 
121 27 109 38 92 442 147 26 62 388 116 45 133 127 151 50 174 193 151 66 203 249 87 61 194 
122 28 108 38 90 131 144 49 179 442 146 27 63 390 115 44 135 258 85 50 189 197 141 73 207 
123 442 147 27 62 392 116 46 135 144 136 45 190 261 88 60 183 202 138 73 215 
124 394 122 52 125 259 85 65 198 150 136 47 191 213 134 77 215 
125 34 109 30 74 271 85 58 191 151 126 62 203 219 135 71 211 
126 396 124 55 122 155 130 74 192 277 88 52 150 226 133 67 203 
127 235 131 60 190 281 82 49 158 167 122 62 192 
128 407 126 57 116 242 136 59 176 284 81 46 155 172 119 60 192 
129 28 116 25 60 52 108 18 60 410 125 54 119 289 75 42 164 180 114 59 194 248 124 61 185 
130 411 125 52 118 23 113 21 44 48 110 21 58 195 111 47 195 296 74 38 167 253 121 64 182 
131 558 193 43 91 411 127 52 115 47 110 21 57 298 75 39 161 258 121 63 183 198 109 46 200 
132 560 195 41 91 307 79 35 164 412 133 55 110 45 111 24 71 204 111 49 192 263 118 69 181 
133 417 135 49 106 42 111 27 73 211 110 49 195 274 108 65 191 
134 311 86 33 186 43 114 27 68 421 134 49 106 214 107 47 199 278 106 61 190 
135 416 135 53 103 225 113 48 178 285 96 62 191 
136 417 139 49 100 290 97 59 189 234 109 42 150 
137 417 141 45 96 293 96 67 189 238 106 43 161 
138 417 142 45 93 296 99 62 183 242 98 44 164 
139 84 166 73 183 41 102 37 116 418 142 44 94 311 100 47 168 248 93 48 177 
140 83 160 71 196 448 148 26 58 417 145 42 92 311 102 47 172 250 93 47 183 
141 418 147 40 90 447 150 27 56 93 161 66 186 310 104 50 155 258 95 50 173 
142 448 151 29 52 419 148 42 87 263 90 53 173 317 100 51 153 
143 419 149 44 84 264 91 52 169 320 97 49 159 
144 531 165 19 45 111 163 72 186 271 95 54 156 321 97 50 155 
145 531 164 18 45 451 154 28 42 112 165 77 179 275 91 54 160 327 98 49 158 
146 67 180 33 64 531 164 17 45 453 154 29 41 118 165 73 178 281 84 49 162 327 98 50 158 
147 284 81 48 166 328 100 53 154 
148 139 148 61 187 288 81 46 162 331 103 51 152 
149 144 147 59 190 291 80 46 162 335 103 48 153 
150 98 172 90 238 37 97 44 126 335 110 52 148 294 80 46 159 156 145 48 192 
151 104 169 80 244 336 110 54 141 296 82 46 153 163 145 58 186 
152 110 170 74 243 297 84 47 153 338 109 53 142 165 141 60 196 
153 118 162 75 258 172 142 65 186 345 105 48 150 302 88 46 149 
154 180 161 43 141 304 89 45 141 346 107 47 144 132 174 92 231 
155 305 92 45 139 348 108 44 143 151 169 92 232 
156 348 110 46 143 306 92 44 159 154 169 97 238 
157 26 94 38 112 69 177 64 122 167 160 85 246 351 109 43 142 310 92 40 161 
158 26 96 36 108 176 138 70 259 352 110 43 144 313 93 39 165 
159 355 112 46 138 317 99 39 154 189 140 67 254 
160 75 176 77 177 360 116 43 127 321 103 40 141 206 138 56 251 
161 79 178 76 176 360 117 44 127 323 103 38 140 210 143 56 248 
162 361 118 42 121 325 101 37 141 213 150 90 228 
163 87 166 83 243 366 119 36 113 325 101 39 144 224 151 101 218 
164 367 119 37 112 90 171 107 246 324 99 41 146 225 151 106 213 
165 368 118 43 89 94 187 116 253 237 126 42 157 322 103 45 140 232 143 95 224 
166 64 168 42 83 241 127 44 156 371 123 43 107 321 104 49 140 100 186 111 253 247 139 79 227 
167 66 168 44 79 243 124 42 160 372 125 42 107 109 189 113 254 252 137 76 228 330 103 44 139 
168 127 52 18 24 123 196 96 247 373 129 42 110 281 122 58 241 249 124 49 161 333 104 41 139 
169 571 189 24 56 377 131 41 109 135 186 83 263 252 119 47 163 337 105 39 139 
170 302 120 58 238 572 188 24 55 375 131 44 110 140 187 80 259 339 110 38 132 254 118 47 163 
171 93 170 66 191 571 188 25 56 37 110 40 99 157 192 73 255 305 124 70 239 261 117 49 164 
172 389 136 41 109 571 187 25 57 36 112 41 97 165 187 73 257 304 148 77 209 266 114 52 154 
173 394 137 37 108 37 112 41 102 306 126 75 234 172 190 70 256 269 112 49 156 
174 31 112 39 120 180 222 99 245 276 107 45 158 
175 341 125 40 170 35 115 49 124 398 138 39 106 188 215 116 253 282 109 41 151 
176 37 119 52 121 398 138 41 107 341 121 41 180 194 207 108 264 287 109 39 146 
177 345 119 39 119 43 133 52 107 206 193 93 261 399 137 41 108 289 112 43 140 
178 158 158 50 198 46 139 43 99 351 117 35 121 398 135 44 110 227 186 74 269 290 108 44 140 
179 353 117 29 123 48 143 45 94 399 135 41 111 292 108 43 136 231 183 87 276 
180 371 116 37 131 351 114 32 127 129 261 87 232 400 134 39 112 245 190 75 254 294 100 46 145 
181 169 163 80 186 397 127 41 118 296 100 46 121 262 256 76 216 136 259 88 222 31 99 36 94 
182 140 259 84 223 61 146 58 117 396 117 41 131 297 99 46 121 30 100 37 96 264 218 86 256 
183 161 268 81 210 398 116 42 133 67 141 51 132 273 219 110 252 191 153 61 202 304 96 41 131 29 105 40 101 
184 73 148 50 126 353 122 33 117 399 113 43 135 306 94 41 136 272 258 119 212 170 263 97 211 26 110 41 96 211 143 45 201 
185 173 269 99 205 401 113 41 133 276 261 121 209 25 111 42 95 213 145 48 192 308 93 37 140 
186 23 106 41 106 214 148 75 181 414 113 37 135 89 141 74 195 326 259 74 210 395 113 46 133 308 101 43 143 
187 194 243 84 209 334 257 71 215 315 108 41 137 394 113 51 136 
188 122 147 88 230 394 115 53 132 317 109 42 137 343 258 78 208 203 225 97 236 
189 390 117 58 124 254 158 50 159 355 260 78 208 124 136 96 244 318 113 45 134 216 244 80 202 
190 393 121 56 120 318 116 46 128 135 145 83 226 366 165 85 300 225 232 75 217 
191 263 145 47 168 137 155 82 204 371 153 86 320 234 184 80 261 
192 398 124 55 118 155 150 73 209 370 159 99 310 238 174 82 277 
193 319 115 54 136 276 133 55 110 159 124 67 232 376 167 93 295 247 195 80 248 
194 24 94 20 53 410 121 57 117 279 134 55 107 330 112 46 134 386 163 103 299 160 129 71 219 247 194 84 248 
195 410 123 54 110 335 115 39 134 166 125 74 231 285 133 51 104 263 193 82 235 393 181 104 265 
196 292 131 48 106 411 123 50 115 192 152 71 214 337 114 39 128 279 202 68 212 425 174 86 272 
197 176 129 42 158 41 94 36 117 413 125 49 109 293 127 46 106 338 114 38 126 191 115 75 246 285 200 68 214 431 176 81 268 
198 299 119 42 113 340 115 35 127 41 104 36 111 416 127 47 112 200 110 68 246 432 177 90 263 294 173 72 246 
199 311 119 41 86 118 233 93 176 418 128 49 112 439 172 101 275 203 106 63 206 301 162 69 258 
200 315 116 55 126 306 160 67 260 120 219 91 194 418 129 49 108 433 171 113 275 204 102 65 214 
201 322 113 48 134 398 149 22 100 132 229 74 179 449 157 98 280 420 128 47 114 313 163 65 252 215 100 64 219 
202 31 114 29 69 22 96 16 46 395 143 32 116 424 132 45 108 323 97 61 284 446 167 103 253 222 103 64 213 
203 396 142 32 120 162 221 61 188 424 134 45 104 326 135 61 256 458 162 89 260 229 99 64 225 
204 341 113 42 82 396 145 34 115 330 120 55 229 425 136 44 98 170 218 70 188 466 164 82 241 240 93 67 234 
205 345 112 41 81 177 215 67 191 426 137 44 95 244 97 76 223 480 149 79 239 
206 344 138 44 142 396 147 36 114 348 111 40 83 181 218 62 185 426 139 44 94 482 152 78 227 247 88 73 234 
207 392 146 37 92 353 107 37 92 485 148 77 237 187 189 66 204 429 141 42 90 256 81 66 241 
208 50 161 52 81 359 107 38 98 482 148 83 236 429 143 44 88 198 172 57 198 266 101 64 202 
209 55 164 34 57 398 148 35 110 56 163 55 81 360 109 38 90 488 148 79 230 431 144 43 89 269 110 63 187 201 169 60 199 
210 25 107 37 102 62 162 32 62 359 113 40 85 366 131 40 155 400 148 34 110 431 143 44 92 489 147 82 230 280 115 51 178 209 163 58 198 
211 282 85 44 87 430 146 45 88 360 117 41 132 67 166 45 80 390 140 41 128 504 145 76 220 279 115 62 184 215 159 72 202 
212 431 146 42 88 365 117 39 128 391 135 43 110 74 166 44 80 280 112 64 188 505 137 79 207 219 161 76 195 
213 393 134 44 112 83 160 41 91 292 114 48 184 225 159 75 198 508 131 79 211 
214 90 141 98 254 302 120 47 170 513 130 77 208 235 140 80 207 
215 395 132 48 150 97 140 87 258 291 83 56 210 513 127 79 209 239 148 74 194 
216 103 146 77 249 301 77 50 217 250 144 64 191 516 125 76 210 
217 400 127 43 120 109 136 76 257 259 135 65 200 520 126 75 212 307 81 43 192 
218 398 126 45 119 114 136 77 253 267 127 70 209 310 85 43 191 520 126 74 211 
219 400 124 47 125 135 171 88 226 274 103 70 217 314 93 45 184 521 125 73 212 
220 403 123 44 120 144 187 99 200 279 133 64 195 319 94 43 182 523 124 73 179 
221 286 148 50 175 148 195 98 190 321 96 44 177 524 122 71 181 
222 370 139 38 99 526 122 67 174 296 101 69 218 410 128 43 117 153 153 93 229 
223 373 135 37 107 410 131 48 113 531 121 52 169 164 152 82 226 303 118 63 192 
224 39 104 41 99 374 134 36 108 531 119 51 171 410 131 50 115 175 147 69 236 158 134 35 158 312 123 43 184 
225 375 134 36 109 62 172 43 79 31 106 36 93 409 131 53 116 533 124 50 161 163 132 37 158 190 146 59 235 315 108 58 197 
226 191 127 64 227 65 168 52 83 534 125 49 160 27 105 39 98 406 131 57 142 171 130 41 167 323 106 59 194 
227 197 130 61 217 69 166 55 136 407 133 58 137 25 102 40 101 535 126 50 161 172 134 42 165 323 106 60 191 
228 383 142 30 118 535 129 51 156 23 102 41 103 73 166 55 88 412 129 54 118 204 144 67 228 178 133 44 165 325 107 59 193 
229 416 134 51 108 76 168 95 231 188 128 41 161 535 132 53 150 213 157 70 216 328 107 58 191 
230 418 136 48 103 189 129 45 163 539 132 59 145 79 167 94 234 213 131 72 219 337 107 45 191 
231 219 129 71 219 540 132 55 147 204 120 44 184 343 115 45 170 91 177 97 219 
232 347 118 43 124 538 132 49 148 102 170 88 230 209 116 44 182 244 130 54 220 
233 539 133 47 145 349 115 44 126 213 111 42 188 107 167 89 235 248 137 46 210 
234 42 133 49 99 540 136 55 141 350 111 43 130 217 105 43 193 123 171 87 236 253 129 56 213 
235 43 137 51 98 363 119 43 124 227 117 43 141 540 138 58 142 260 127 55 209 352 113 39 129 129 169 101 237 
236 34 102 30 63 45 139 53 97 364 117 42 126 232 116 44 145 260 121 63 214 540 138 58 141 352 114 39 126 139 171 105 236 
237 47 140 50 93 32 87 31 70 397 139 30 103 239 114 40 141 542 137 56 140 355 116 37 123 146 170 96 237 266 126 75 208 
238 61 138 44 105 27 98 36 105 395 135 33 111 355 120 36 120 244 113 41 135 270 121 77 213 542 139 56 135 155 178 84 224 
239 25 99 38 103 398 137 32 105 362 121 45 120 63 143 52 132 249 113 45 137 542 141 55 134 274 125 77 204 156 175 86 222 
240 20 100 41 100 400 134 33 108 363 120 47 120 71 140 48 141 543 144 56 130 259 111 42 153 283 118 68 192 166 166 84 232 
241 69 142 52 130 365 124 40 116 398 131 35 112 543 150 57 119 173 149 99 240 266 104 39 166 302 121 48 183 
242 366 125 39 114 72 135 48 106 395 126 36 119 543 152 57 115 268 95 40 182 175 149 110 236 304 119 45 187 
243 353 128 35 105 70 152 50 109 206 183 93 210 544 156 55 109 396 127 38 119 273 97 38 167 308 120 45 180 
244 198 133 58 223 215 186 92 205 399 130 38 114 546 156 53 110 75 132 97 214 276 100 44 166 316 111 45 191 
245 399 129 39 116 546 157 54 108 202 145 107 228 76 148 97 224 277 100 45 163 319 112 47 189 
246 545 159 54 107 402 130 37 116 209 137 78 217 77 137 104 246 284 95 41 161 320 113 50 193 
247 547 159 51 110 289 96 39 130 86 133 87 253 404 128 37 118 323 113 57 190 213 138 74 213 
248 99 138 80 254 548 159 51 109 292 95 37 162 404 129 38 118 217 133 67 222 323 114 58 189 
249 108 172 71 227 550 161 48 102 223 151 72 206 406 131 36 116 294 93 38 134 325 109 59 187 
250 448 153 29 45 551 163 47 101 117 148 79 232 403 134 37 111 296 89 40 130 335 113 46 175 236 134 83 219 
251 271 158 80 199 449 153 29 44 551 163 47 101 121 143 93 238 403 137 39 105 297 88 41 136 339 115 44 145 238 134 56 209 
252 299 91 41 90 404 137 37 108 552 163 47 106 343 110 49 152 136 146 91 234 257 130 64 211 
253 418 136 34 104 450 154 29 47 403 138 37 106 307 97 39 122 76 6 24 66 553 166 44 96 345 105 50 159 268 120 74 221 143 149 100 234 
254 417 138 34 103 452 154 29 48 74 161 45 86 404 139 35 104 75 5 22 67 309 96 40 166 554 166 44 95 346 105 49 163 268 125 77 216 148 151 94 228 
255 349 99 69 169 452 154 30 47 418 140 34 99 555 166 45 95 29 110 31 57 84 157 73 199 309 100 39 111 161 152 76 224 274 135 68 196 
256 402 140 35 99 28 116 29 62 418 139 34 99 316 101 35 101 90 158 70 192 555 166 45 97 454 153 29 48 70 5 26 70 361 107 48 142 170 258 74 111 280 134 66 197 
257 417 140 35 98 403 143 37 95 555 167 46 97 454 153 28 49 359 106 51 94 93 159 69 189 68 5 28 74 174 153 68 219 281 131 67 200 
258 67 8 29 72 90 161 74 191 363 109 55 140 179 148 53 123 455 154 28 47 556 170 46 119 188 159 62 208 287 121 62 212 
259 555 170 47 120 415 152 41 100 110 137 58 212 192 96 32 52 63 10 25 71 197 141 59 231 455 153 28 47 292 117 71 186 
260 114 141 57 204 416 155 41 95 195 94 32 56 556 171 47 120 63 9 23 71 371 113 42 140 459 153 25 44 201 142 60 232 298 113 61 187 
261 197 94 42 77 29 83 28 55 418 154 38 98 459 153 25 43 557 170 44 120 372 114 44 143 206 123 63 236 316 109 45 184 
262 24 85 25 50 58 7 21 77 204 92 39 84 460 155 23 41 558 171 44 118 374 111 46 154 214 132 62 219 320 103 47 189 
263 418 155 41 94 23 90 25 57 461 155 23 40 558 172 44 119 375 110 46 155 217 128 61 222 322 107 46 182 
264 51 16 25 71 211 101 37 104 376 116 46 139 557 175 45 119 19 93 27 56 461 154 23 40 126 155 90 221 218 119 62 233 323 104 59 191 
265 461 155 23 39 139 153 78 212 224 121 63 213 324 106 63 187 
266 462 156 23 39 224 116 65 201 49 18 27 72 144 152 70 217 325 110 65 183 
267 45 19 24 70 399 124 34 121 154 164 63 238 229 106 67 217 325 111 68 177 
268 464 157 22 37 559 180 42 115 239 75 23 41 40 21 21 66 237 120 44 180 401 123 37 121 164 167 73 235 340 114 49 142 244 107 60 212 
269 560 180 43 116 464 156 22 38 360 110 46 143 401 122 39 122 343 108 46 152 166 167 80 232 248 106 58 211 
270 198 128 24 64 399 131 48 115 346 109 43 141 171 179 103 214 248 108 63 206 
271 345 98 80 158 401 125 51 120 33 21 26 73 182 135 84 256 252 107 63 191 
272 401 126 52 119 346 97 80 159 27 17 38 98 188 129 78 257 251 103 68 197 
273 76 152 44 99 282 113 42 172 31 19 26 91 257 99 62 203 406 125 54 123 357 108 57 138 201 110 70 251 
274 81 147 79 218 343 112 38 131 360 109 54 143 411 127 46 117 207 98 82 267 272 89 56 203 
275 209 105 77 220 86 140 74 237 344 114 35 129 367 110 46 144 411 125 47 118 273 86 55 206 
276 96 138 67 239 369 111 46 144 344 112 35 127 412 126 47 120 272 82 63 205 
277 102 139 88 242 220 114 37 191 416 129 41 117 287 89 45 181 374 109 43 151 346 116 33 124 
278 107 139 89 238 273 74 67 273 226 111 39 192 417 128 39 118 347 119 32 122 373 108 45 153 
279 419 132 40 111 374 110 47 147 347 123 35 121 266 70 81 282 230 115 45 185 
280 421 134 40 104 387 113 49 139 351 123 35 119 128 155 80 222 276 74 73 224 232 116 52 184 
281 422 133 41 106 387 114 50 140 280 88 69 242 133 154 71 219 231 119 61 181 
282 36 135 50 105 423 133 44 110 348 127 40 110 389 117 50 136 137 145 64 232 242 119 58 182 295 95 61 229 
283 391 122 49 131 144 148 69 216 301 136 61 197 252 128 53 164 
284 391 121 52 131 303 135 63 197 147 151 71 216 255 127 52 160 
285 311 79 41 99 305 142 66 190 392 118 55 138 162 147 75 231 265 113 46 176 
286 57 156 74 148 174 163 93 207 276 112 49 181 310 128 71 214 393 120 55 134 
287 158 132 42 152 68 155 60 149 319 137 73 191 279 113 48 181 392 123 54 130 177 163 90 205 
288 341 131 42 158 74 158 53 93 163 129 41 158 281 82 57 209 394 123 51 130 186 162 75 202 
289 44 159 46 86 82 148 76 175 336 94 40 172 196 161 64 195 169 122 47 179 398 124 48 126 288 88 46 193 
